28
31
0000000000000000000000000000
0111111111111001111111111110
0100001000001001000001000010
0100001000001001000001000010
0100001000001001000001000010
01111111111111c1111111111110
0100001001000000001001000010
0100001001000000001001000010
0111111001111001111001111110
0000001000001001000001000000
0000001000001001000001000000
0000001001111111111001000000
0000001001000220001001000000
000000100100rvfb001001000000
x11111111100rvfb00111111111y
0000001001000000001001000000
0000001001000000001001000000
0000001001111111111001000000
0000001001000000001001000000
0000001001000000001001000000
0111111111111001111111111110
0100001000001001000001000010
0100001000001001000001000010
0111001111111111111111001110
0001001001000000001001001000
0001001001000000001001001000
0111111001111001111001111110
0100000000001001000000000010
0100000000001001000000000010
0j11111111111111111111111110
0000000000000000000000000000